X inputs:
 [ 0.14853859]
 [ 0.60669007]
 [-2.65149833]
 [-2.26777059]
 [-2.06388816]
 [ 2.45592241]
 [-1.25262516]
 [ 2.7937922 ]
 [-2.72863627]
 [ 1.71105577]
 [-2.46904499]
 [-1.89957294]
 [ 0.08540663]
 [ 1.24843547]
 [ 0.64526911]
 [-1.80195731]
 [-1.17454654]
 [-0.26358009]
 [ 2.53124541]
 [ 2.81945911]
 [-2.60969044]
 [ 2.3689641 ]
 [-0.02893854]
 [-2.41396732]
 [-2.72129752]
 [-1.44732011]
 [ 2.70428584]
 [-2.16303684]
 [ 1.39196365]
 [ 0.12040813]
 [-0.35908504]
 [ 1.85038409]
 [-0.80182894]
 [-1.89087327]
 [-2.87649303]
 [-1.24713211]
 [-0.40832989]
 [-1.04801802]
 [ 0.67111737]
 [ 2.19705687]
 [-2.79366887]
 [-1.9090502 ]
 [ 0.55448741]
 [ 1.65079694]
 [ 1.10539816]
 [-0.75275929]
 [-2.06403288]
 [-1.17231738]
 [ 0.97513371]
 [-1.72596534]
 [ 0.58739987]
 [ 2.69331322]
 [ 0.28026168]
 [ 1.99465584]
 [-1.82410283]
 [-1.12973354]
 [ 2.81750777]
 [-1.97685526]
 [ 0.59195091]
 [ 2.63699365]
y target: 
[ 0.26134393  0.29262945 -0.70117304 -1.7113156  -1.32035898  1.19812891
 -0.74646948  0.95081838 -1.03731593  0.79900059 -1.7240941  -0.94575843
  0.97923163  0.44971554 -0.72142625 -1.11948406 -0.32691082 -0.38575444
  0.82614241  1.39515571 -0.83684971  1.28948157 -0.32309571 -0.9139074
 -0.08137001 -0.75150632  0.50015912 -0.75240909  0.13772889  0.77613985
 -0.93416482  0.38109799  0.13368988 -1.58831973 -0.48647165 -0.17851354
 -1.25635546 -0.49131681  0.96250584  1.20319981 -0.44713127 -1.27708305
  0.65823236  0.25092544  0.81263817
 -1.18073311 -2.37364735 -0.19612826  0.40012342 -1.30838148  0.65213403
  0.70945882  0.23938228  1.0738403  -1.54664568 -0.02565504  0.73141352
 -1.0767626   1.17396178  1.01581268]